2 0.9997028711437134
3 0.9994326405577534
4 0.9996122085556396
5 0.9997638829841041
6 0.9996663405697709
7 0.9995736082528276
8 0.9723327146695538
9 0.9538518371174756
10 0.9460428270523269
11 0.9426951294487406
12 0.9050555895160214
13 0.9103175974662109
14 0.8679599925073578
15 0.822173864702217
16 0.7793224073347328
17 0.8684450694796177
18 0.6966498902403713
19 0.7462462685334988
20 0.6381068318432719
21 0.6936462909481462
22 0.6934216269350395
23 0.686516844827392
24 0.48302066066207544
25 0.5665015803718688
26 0.5261942887754594
27 0.4412754273351986
28 0.47581852905424993
29 0.5252630641260244
30 0.4128033276372967
31 0.5485772006669295
32 0.5384113391287437
33 0.5165444557194365
34 0.511468472506572
35 0.44670825239411666
36 0.4139109343309367
37 0.3829901740752687
38 0.3935980814900766
39 0.39478143350371453
40 0.40607055369510453
41 0.35420521252186227
42 0.48111218883759843
43 0.5110600674753706
44 0.3833835913356588
45 0.37274805982301246
46 0.3965463962483818
47 0.40039631427613354
48 0.405674379114648
49 0.40062599626051415
50 0.38062043794719347
51 0.34805724545504485
52 0.4017621198948592
53 0.40141394331691477
54 0.3896521758091738
55 0.36686514749177745
56 0.34055237692847684
57 0.2879541384480576
58 0.35484943941287744
59 0.36778096645562797
60 0.3724774711713204
61 0.3777664130305717
62 0.35530438018466154
63 0.3787022001993828
64 0.3639355760802058
65 0.3823144236830509
66 0.38416726935022066
67 0.343708415064794
68 0.34691873522603467
69 0.3168185708237518
70 0.3188315439681124
71 0.3274989811456094
72 0.38853048189738376
73 0.31412506372213317
74 0.29888743438162313
75 0.3067349171063611
76 0.3152602242174471
77 0.341688443943853
78 0.34404150603838735
79 0.3677310735611994
80 0.33290427707903375
81 0.34250277495011466
82 0.3077632601722052
83 0.35736185325150077
84 0.3240415379634317
85 0.3224878852077899
86 0.3431076026339751
87 0.3040417843699928
88 0.28623925886447243
89 0.3171946824143699
90 0.28635083132417255
91 0.31690036264202986
92 0.35859977657215575
93 0.29920124937929804
94 0.3061793083793099
95 0.3024451680594359
96 0.30437092551572487
97 0.2776780603762784
98 0.30449426842406146
99 0.27936108276453087
100 0.30564537721203866
101 0.26468290876142897
102 0.2841425316665642
103 0.3115135766832848
104 0.2693279291688641
105 0.3229015910620864
106 0.258503962267233
107 0.2850824156181771
108 0.2412391684795717
109 0.31408343188639215
110 0.3064825834785019
111 0.28797442176496163
112 0.2697295261095525
113 0.2607687027992403
114 0.29933404216677023
115 0.2733501828392724
116 0.3025105058273624
117 0.26455394369080504
118 0.296917179656183
119 0.2882705608343741
120 0.2887647870821816
121 0.3208192385942748
122 0.2812435193296362
123 0.2988612615446073
124 0.28620726390764367
125 0.27560791139881297
126 0.2706802866751136
127 0.267581527899602
128 0.25365574649229733
129 0.27527127265315504
130 0.2513175276639524
131 0.29683075416961124
132 0.2645491849659384
133 0.25618776670636456
134 0.24746402635232204
135 0.28644614766628773
136 0.24258812987376577
137 0.2667862180828275
138 0.22745786395555395
139 0.27944573695670655
140 0.2702879828584967
141 0.3085356994479319
142 0.28224302980575733
143 0.27059780267179817
144 0.2719201082781735
145 0.24938060211006505
146 0.26949594201273036
147 0.25961307718857696
148 0.2484079974052067
149 0.2841235460753462
150 0.2751039661962727
151 0.24820697829644678
152 0.25843122926494105
153 0.28146093434950636
154 0.2525809930360716
155 0.23967882041814254
156 0.2838953630577999
157 0.2605304006390413
158 0.27614097172856894
159 0.26208502994221317
160 0.23652596811080043
161 0.27609272383727596
162 0.28418601682209704
163 0.254857025920061
164 0.24707378586497633
165 0.22644157905556683
166 0.2845501105529648
167 0.26320712434410315
168 0.25175167194553466
169 0.2753046145962865
170 0.24770265816897105
171 0.2346786016456248
172 0.24926701787569958
173 0.21871227186355902
174 0.2366572999607658
175 0.23882148587741373
176 0.22863473220699765
177 0.22334391187105693
178 0.20943425650251732
179 0.2781662142088414
180 0.2640837391547228
181 0.2408683157247731
182 0.21740998233100017
183 0.21682471220001387
184 0.23197881796134223
185 0.25023090888315547
186 0.26568980043875534
187 0.21506549917581244
188 0.24132055128312999
189 0.24397493616085472
190 0.2301996476841847
191 0.23654237874298364
192 0.23410782204543154
193 0.22992079312850766
194 0.21929428675560064
195 0.24272029922838378
196 0.23020716200344443
197 0.25637378202947125
198 0.21307238532457953
199 0.22906478418408677
200 0.2552997615159505
201 0.2513028349048233
202 0.22105747972863787
203 0.24285338468727338
204 0.24732639676305557
205 0.27304351431244434
206 0.2304778229271431
207 0.2194169666431548
208 0.20527825430484428
209 0.2523660098374853
210 0.2170618433085717
211 0.2377431577156563
212 0.20772756465447118
213 0.21229680916051585
214 0.22043736456174778
215 0.21226154521117976
216 0.2508861015779566
217 0.2142873415387433
218 0.2509157991029289
219 0.23085198300871393
220 0.2093334124743137
221 0.20146882814599407
222 0.2067802809852787
223 0.21029936899698878
224 0.2462003315710601
225 0.23092276612607263
226 0.1996957863609695
227 0.21553432917185483
228 0.24833187472244705
229 0.2248786222643538
230 0.22251625228554006
231 0.2229341339032827
232 0.22641679592710276
233 0.2252820242697145
234 0.2359808553274912
235 0.2537495258820629
236 0.24872126916669227
237 0.21560374716695685
238 0.22753873311928163
239 0.2109562391204325
240 0.19289178668633356
241 0.23484094603562838
242 0.23081769698974575
243 0.2385947759964347
244 0.22991037810555043
245 0.21213313131679162
246 0.22301740217361887
247 0.20284086099773094
248 0.21451893424131993
249 0.2234033657033858
250 0.2252742923288775
251 0.20939657863236466
252 0.22737919806182014
253 0.21459699405515237
254 0.22861952594023408
255 0.2012353745084869
256 0.19853855236308554
257 0.23650930966677117
258 0.20442317142084693
259 0.22323452898315785
260 0.20440247642042694
261 0.20631698795022102
262 0.20135306652691765
263 0.21152492808920945
264 0.20374695284735708
265 0.23982747004587546
266 0.20930037696894171
267 0.21739998530435406
268 0.2099018372963386
269 0.21644172394608327
270 0.2017628019019072
271 0.22448336858876258
272 0.20519096508978688
273 0.20310833518165008
274 0.19882471423767775
275 0.23752107776636128
276 0.23839016553021714
277 0.2158838829166181
278 0.23004693584848004
279 0.1980195846979361
280 0.20721689607810237
281 0.19991718836698968
282 0.22508220315204616
283 0.20788273802095014
284 0.2193725254954709
285 0.21893647849089037
286 0.2073368549470991
287 0.21744492424454567
288 0.20132358523626132
289 0.20125142531135254
290 0.23241296063887013
291 0.21730652927723948
292 0.19610174341058453
293 0.20376167776488605
294 0.21122713598645296
295 0.21201317172083428
296 0.21042348098513408
297 0.2065089928592648
298 0.22146198534230355
299 0.20091005384856803
300 0.21516839353225742
301 0.20526667964273382
302 0.2007905767774039
303 0.21260549494469425
304 0.20381071465898007
305 0.21502148598602042
306 0.20505394128390528
307 0.19105416966713407
308 0.20012099303957476
309 0.23621244836883382
310 0.20823099830029126
311 0.21672577677005725
312 0.2238466009134031
313 0.21896575653245814
314 0.2172693501257681
315 0.2048203285272883
316 0.21299313789674784
317 0.2010377215367885
318 0.1982298051322287
319 0.21022224944465245
320 0.20627886712453522
321 0.2044964470914687
322 0.21040887717422552
323 0.2134684601104042
324 0.20996474259038786
325 0.2083859010903554
326 0.20968755702225028
327 0.20605651953866014
328 0.20570635063273265
329 0.2228943190934147
330 0.198192540973165
331 0.19639569626860562
332 0.1988025327342652
333 0.20749881464794095
334 0.2001326697248519
335 0.20724200764685216
336 0.20264159255151729
337 0.2088044749124247
338 0.20501753209778847
339 0.20305875362554712
340 0.2005340086340068
341 0.2136407167710601
342 0.20908284609998048
343 0.20198409780311327
344 0.20308477752179538
345 0.19396898098228094
346 0.2013837151297789
347 0.1928997357174002
348 0.19359820869991254
349 0.21048963559740555
350 0.21565931322057072
351 0.20812526494533717
352 0.19972207881539822
353 0.21836073924385588
354 0.19331179231297144
355 0.20913269428848638
356 0.20296970880517604
357 0.2034297056479452
358 0.17846223729413746
359 0.2036989474586078
360 0.2025795719759508
361 0.204373079567327
362 0.19756666312210477
363 0.1848683107030193
364 0.20159495490546558
365 0.2046983645422873
366 0.20862682363271787
367 0.19783878468403254
368 0.19757389803554487
369 0.20437042001645184
370 0.19386106571389583
371 0.21952813504721852
372 0.20304056031115408
373 0.22016397779740904
374 0.21413690062515506
375 0.19682615322197813
376 0.1911275046542684
377 0.20110994031442908
378 0.2057473430929984
379 0.19267013787057963
380 0.2006933966335056
381 0.2035585572963333
382 0.19492468903039348
383 0.2172557935798455
384 0.19508075015839035
385 0.20212609877805643
386 0.20909121805000785
387 0.20028935115498325
388 0.2116531361202899
389 0.1981239570628539
390 0.2008003189625461
391 0.1966892152457898
392 0.1957803371750848
393 0.19913073193280564
394 0.2071587229985426
395 0.21226035003546972
396 0.19818901189112295
397 0.19249017972387342
398 0.20172638697296424
399 0.18936299348682892
400 0.2003813885684854
401 0.18872875735678188
402 0.1905415440914286
403 0.20230666358180033
404 0.20616653388530212
405 0.18551971224978236
406 0.19143486243599883
407 0.186886272627737
408 0.1785262943683881
409 0.2050182437083945
410 0.18133778352385171
411 0.18001072621767386
412 0.19599207058287077
413 0.18729773944980274
414 0.20079904944625382
415 0.19754831194392997
416 0.18858979754630542
417 0.18557949568789628
418 0.20584197416116787
419 0.19085651457442654
420 0.19380692215154596
421 0.21016468279952125
422 0.20281127128437093
423 0.20213478981038654
424 0.19028284522615913
425 0.1980147252177623
426 0.194085576647803
427 0.1940880179938576
428 0.17703035051786167
429 0.19083029126263448
430 0.17716197336991138
431 0.2045437763110788
432 0.20225022695575146
433 0.1990699195260279
434 0.21049367272019942
435 0.18721411154953838
436 0.1939694060793726
437 0.1718735037847744
438 0.19497158203194914
439 0.19044438601631417
440 0.2012574302013056
441 0.18891999656186576
442 0.1967091316033271
443 0.19213916971638723
444 0.19892872267124123
445 0.192519319118088
446 0.1822006312999259
447 0.19975388111097944
448 0.18660247817176243
449 0.20195337622064566
450 0.18696430926771726
451 0.2008127798732673
452 0.21369619258284345
453 0.18026179132260914
454 0.20345179182981762
455 0.18194213645101678
456 0.206708880385261
457 0.16952421821384678
458 0.19224661976444166
459 0.1796384006899686
460 0.20585043838305364
461 0.19363315337425172
462 0.19437229012595356
463 0.18040659231095463
464 0.16972915395421273
465 0.1870861715984509
466 0.19552239270804744
467 0.1966564587618413
468 0.1858129509199785
469 0.1839291487411973
470 0.18716205479281847
471 0.19366867955394734
472 0.1801332863238608
473 0.1877452663289615
474 0.1933921350745467
475 0.17289508487339464
476 0.18886912465609984
477 0.2051115411833849
478 0.17264550243564686
479 0.19191718837682428
480 0.1908289636541323
481 0.1832517197002748
482 0.1697547902345654
483 0.18000605170873626
484 0.19675919675128534
485 0.1920019399189293
486 0.17923783154681697
487 0.18106923580497494
488 0.19668709199793924
489 0.18998231967235865
490 0.1782729860697233
491 0.18727617833397198
492 0.1841290731176573
493 0.20589929942953628
494 0.18919922167920866
495 0.1868430451062644
496 0.18296758481954117
497 0.18290904334484973
498 0.2139645855933951
499 0.18620323829645313
500 0.18548135616513392
501 0.20563366413789133
502 0.1933368474807863
503 0.1983424320948599
504 0.19199737607803807
505 0.18505221034589395
506 0.20850875620804354
507 0.18279605693939188
508 0.17788719110390463
509 0.18534734832264463
510 0.19051732194858903
511 0.20325830399383513
512 0.19717525397888824
513 0.19563970536533767
514 0.1852351552855669
515 0.1742250086644372
516 0.18297678819342192
517 0.19547393492344137
518 0.17464739057192671
519 0.19326333042957414
520 0.17959972754354078
521 0.18116586814332725
522 0.18431010716622348
523 0.20063079459277827
524 0.18531903470671449
525 0.20707489409454202
526 0.17565189927360503
527 0.19856636224265006
528 0.20538446326608448
529 0.1749839634108574
530 0.18514158917344647
531 0.19398870306119953
532 0.17683078250756284
533 0.18958405907660916
534 0.1800306047354421
535 0.19436989168507424
536 0.20207112305439778
537 0.18315441668640012
538 0.18308022489670026
539 0.1665231008005385
540 0.18972967317546544
541 0.19976220809055678
542 0.1769840306352599
543 0.17483648629420143
544 0.17743494767468454
545 0.1664232608563594
546 0.1804667899306518
547 0.20399468029796788
548 0.18291032323070427
549 0.18216489976275776
550 0.18390168567262283
551 0.19466277630918052
552 0.18024640166554276
553 0.20500298416105486
554 0.21052650199764014
555 0.18513101512300137
556 0.18449755984279645
557 0.1713712473078278
558 0.2044268037263631
559 0.17738548390506412
560 0.1784346920265875
561 0.17669636927157056
562 0.2011591348893861
563 0.17192358135301383
564 0.18075574413990506
565 0.1780342094577292
566 0.185077170691883
567 0.17739781598371063
568 0.20045759127763843
569 0.1883455148806064
570 0.1977368333046621
571 0.17522138322450959
572 0.18164071565723855
573 0.17388147595519904
574 0.1896846934983931
575 0.17713961480852466
576 0.18034750240886369
577 0.20225471939842413
578 0.2029806528931946
579 0.17894887097243165
580 0.17827500628431614
581 0.18404321032424037
582 0.18925852872139767
583 0.18022255642100607
584 0.18391131721769022
585 0.18374797165308734
586 0.18225997688849402
587 0.18113638500755158
588 0.1897417770582643
589 0.17423996794682797
590 0.17995837636878825
591 0.17695054350415812
592 0.1790563533578807
593 0.1802270854835058
594 0.1832212248165325
595 0.18421597347179322
596 0.18280781260454138
597 0.20913217787177993
598 0.17825671669307855
599 0.1754223469333756
600 0.1766505229590976
601 0.17447429716268145
602 0.17227545187071858
603 0.18405316628619547
604 0.18860157325112373
605 0.1829235932968523
606 0.1841431978689508
607 0.18637765640488352
608 0.18182657797687055
609 0.1782477295288366
610 0.1740904071954288
611 0.18011542801036756
612 0.19375896660644068
613 0.17744749623437492
614 0.1972866543196519
615 0.17935014745841335
616 0.17455356308781705
617 0.20447505498720886
618 0.18168929799286512
619 0.17421648879276705
620 0.17965400674027965
621 0.19769969243343652
622 0.19408865687914822
623 0.1920051783840903
624 0.19391426089011934
625 0.1793762808713765
626 0.1882952619969347
627 0.1756620982718146
628 0.17796974590453196
629 0.1838967428980378
630 0.1743257143999578
631 0.18109454020807936
632 0.1830498815386891
633 0.18540145451315979
634 0.18233566360524076
635 0.17889755291213721
636 0.19172559186097463
637 0.1731577344893787
638 0.19893232940825006
639 0.1800410912585908
640 0.17232969749258695
641 0.18532951223236674
642 0.18735281522463818
643 0.18828335112650638
644 0.18206463079539517
645 0.17897397328586676
646 0.18112537309676133
647 0.18031467331832718
648 0.17722515788638024
649 0.1770875020904758
650 0.20479864915122853
651 0.1764704859361055
652 0.1829344122101596
653 0.1798474442220017
654 0.17472020122940168
655 0.18190284086835917
656 0.18111025327504127
657 0.18516547163499483
658 0.18849675829590504
659 0.18703957260303153
660 0.17206503749960353
661 0.19028531200707652
662 0.1798665732304463
663 0.1724776663095095
664 0.17111287772026001
665 0.1751738961267276
666 0.18176541780495298
667 0.1804256311548991
668 0.19687094510734796
669 0.1797195525862183
670 0.1816272073644803
671 0.1865474223937712
672 0.1882025330039552
673 0.17877551845890224
674 0.17662378691960998
675 0.1841520909279589
676 0.17351478995748737
677 0.17440661278902592
678 0.18214124333916004
679 0.17854921954356445
680 0.20970769006452605
681 0.19684592432487372
682 0.20312518396077267
683 0.1783002663807152
684 0.18029200423205605
685 0.1820892338395495
686 0.1796183965519943
687 0.18263755500130702
688 0.17946630300708338
689 0.17636225782656237
690 0.18089363549176507
691 0.19437331360382482
692 0.17678392203060608
693 0.1832325793010923
694 0.1720380426883741
695 0.17629934384147652
696 0.17608926882490572
697 0.18188587469965228
698 0.17286986555171627
699 0.18119278393685218
700 0.17718993685491172
701 0.1809715586197377
702 0.1803338454904033
703 0.1777462235466831
704 0.17574921130082793
705 0.18377566410912652
706 0.18162319046684922
707 0.18289153820685322
708 0.18201985549667435
709 0.20025503826549632
710 0.17896373465568113
711 0.18132053228007902
712 0.19637470019396427
713 0.17687200151787827
714 0.2004800663628727
715 0.1819301602251893
716 0.17434349303660035
717 0.18281940008171307
718 0.18017820381023006
719 0.17838705772999386
720 0.17822761810158322
721 0.1977601369618512
722 0.1819318389935527
723 0.18600949462859276
724 0.17556686690420367
725 0.17066072310674021
726 0.1844033041479244
727 0.17323182797745443
728 0.17842858467957462
729 0.1818812974293779
730 0.18548507378492274
731 0.17523230790919317
732 0.19419356927449816
733 0.1764922655898881
734 0.1775074670713225
735 0.1758803716692823
736 0.17969522763733312
737 0.1828720089506762
738 0.1741966210926432
739 0.17550397534873008
740 0.1959718136033522
741 0.17882073028258627
742 0.17940919436807662
743 0.1783466582688828
744 0.18331546309748803
745 0.17741088666788446
746 0.1802657924789503
747 0.18348192984450037
748 0.17886621382921336
749 0.18225392051421202
750 0.1783420786881076
751 0.17545856594593917
752 0.1791522824788664
753 0.17915462454182027
754 0.17670716065503414
755 0.17304875904329875
756 0.1808261174271525
757 0.1771685809750647
758 0.19043843328732227
759 0.17904969063206644
760 0.18814015436610246
761 0.18004028176967876
762 0.17867049141985597
763 0.17823293235625925
764 0.17757607860253452
765 0.1731356467995682
766 0.18005413622228383
767 0.17901748370392617
768 0.177170702084096
769 0.19701722929610027
770 0.17649226387869227
771 0.17495605267299202
772 0.18100666160114964
773 0.1808016319764526
774 0.17922299907969572
775 0.17589222556579773
776 0.17371654538046152
777 0.1792441142149518
778 0.17974842459609008
779 0.18158448041231628
780 0.16912016723253553
781 0.1767924523321498
782 0.17822883680258453
783 0.17590024749547992
784 0.18202386585337074
785 0.18650372113308683
786 0.1740985556245597
787 0.17162569263681823
788 0.17518260108868852
789 0.1696996483966069
790 0.17672141635773142
791 0.17506724698184528
792 0.1768605587040006
793 0.18277138891354025
794 0.180909953647482
795 0.18322524077999974
796 0.16878493585488882
797 0.17599909496256977
798 0.17894089580322647
799 0.17721018844024647
800 0.17412090038494837
801 0.17682625638988964
802 0.1744452237586108
803 0.1708539108253193
804 0.16801793143236138
805 0.17847131851939158
806 0.18043724608622214
807 0.18151255425206264
808 0.17858878040163573
809 0.1777952578444905
810 0.1703436206890964
811 0.1822642140327632
812 0.1776700487858556
813 0.1757632702093332
814 0.1710849472721078
815 0.17150068238179433
816 0.17726934930154467
817 0.1773507696261692
818 0.1769026642960436
819 0.17940381265134908
820 0.17731527900963115
821 0.17847522575494543
822 0.1790444524955413
823 0.17589841218870725
824 0.1962564334333405
825 0.17898402188273388
826 0.17943954021883057
827 0.1812076308968947
828 0.17766482749542292
829 0.1793819721073898
830 0.17469245621616258
831 0.17392663151177654
832 0.1761707784582471
833 0.1780589365686084
834 0.17183512467660747
835 0.18361807440885872
836 0.17355320625635987
837 0.17666825224498423
838 0.17154431763814706
839 0.17687268759839025
840 0.1726766587843413
841 0.1762866115055892
842 0.18286791874546407
843 0.17628495569434552
844 0.17621083445904143
845 0.18190142496239634
846 0.18960353322548498
847 0.19019835510685312
848 0.17278712491366366
849 0.17459922543226802
850 0.18289547573724085
851 0.1781339930081479
852 0.18240745775217887
853 0.19176750097984388
854 0.17556373427903574
855 0.16868803385617012
856 0.17575850441613078
857 0.17550605120548038
858 0.18595732041633795
859 0.1768483615589841
860 0.1785585232137734
861 0.1786276057608151
862 0.17485444599237804
863 0.17344335887078627
864 0.18607385843605664
865 0.17053989259373245
866 0.18108951642402493
867 0.17365632076562698
868 0.1797739235420245
869 0.18073715795515416
870 0.1736178781351645
871 0.179024490235942
872 0.18787544453539148
873 0.17523930774729676
874 0.17084651519315516
875 0.1791419871764329
876 0.17842401630534563
877 0.18614343663570057
878 0.18390042456020256
879 0.16989309991280072
880 0.17962011994932092
881 0.1794313397752602
882 0.17565886113259857
883 0.17618555488385665
884 0.1855883566249329
885 0.17726272902649326
886 0.1851935629483634
887 0.17324621532297801
888 0.17768777069687566
889 0.18848898413666768
890 0.174548482412886
891 0.18292193886773414
892 0.17637708740679944
893 0.17551819724557877
894 0.17444598106785983
895 0.18832665501392024
896 0.1770492669307716
897 0.18410953384221956
898 0.17328320580214526
899 0.17119357588429202
900 0.17565492769371477
901 0.1762525195334184
902 0.185926642781071
903 0.17383855727856948
904 0.17403695010045328
905 0.17201071303699558
906 0.19382709867944753
907 0.17918943609278887
908 0.18244706693097396
909 0.17873508554347844
910 0.17906340996527856
911 0.17845538003571323
912 0.1804565343026684
913 0.1713833868899347
914 0.17053733858601974
915 0.18489060296461593
916 0.16238743616524207
917 0.17901389956491637
918 0.1828714797741113
919 0.1699067987740351
920 0.17424928514629429
921 0.17732283028488563
922 0.1864288735602101
923 0.17601309226981893
924 0.18147283587202653
925 0.17819413481076296
926 0.18690813166348585
927 0.18284096337103367
928 0.183466545096785
929 0.17216880099912527
930 0.17935366379380796
931 0.1787712552234428
932 0.17601746849410393
933 0.17460769999714124
934 0.17215313543307645
935 0.17477439061148645
936 0.17664135687929253
937 0.18147099347479906
938 0.1766944104124374
939 0.1834459921840262
940 0.17619279979074323
941 0.1739303857392241
942 0.1748909719104984
943 0.182671750438379
944 0.1737451633769026
945 0.17647951498079567
946 0.17927365433890005
947 0.17373643471640982
948 0.18067153964095928
949 0.17636988531319012
950 0.17233358705707189
951 0.17795160082133948
952 0.17860081725913712
953 0.17915730192991117
954 0.1804779837440066
955 0.17444929344433802
956 0.18018146602621898
957 0.17279180708289232
958 0.18184037747557374
959 0.1740544309099303
960 0.17780444861007857
961 0.17318098146261385
962 0.17114094606345406
963 0.17832404274724967
964 0.17532127168882336
965 0.17510997834958605
966 0.1791630901415118
967 0.17966975453584838
968 0.17475860412656627
969 0.17440864998579028
970 0.1786661998053956
971 0.1768610814366214
972 0.1875448051275879
973 0.17773970001757475
974 0.17630771721163743
975 0.1693745268295385
976 0.18089694683311583
977 0.1775507277025288
978 0.17105240202606156
979 0.17685766322393143
980 0.18003813515710212
981 0.17158283948019776
982 0.17650464594484713
983 0.18054950305316894
984 0.17455890874368107
985 0.1815655321551743
986 0.17738345268691416
987 0.17520850378520866
988 0.1771995636233507
989 0.1789617106166048
990 0.176901430016359
991 0.1812949198638364
992 0.17854159619287183
993 0.1833978777328
994 0.1834577892449753
995 0.1680147406871457
996 0.17029241900923425
997 0.1784369666414848
998 0.17946813548557383
999 0.17590865589181615
1000 0.1866215061888023
