2 0.9997028711437134
3 0.9994326405577534
4 0.9996122085556396
5 0.9997638829841041
6 0.9996663405697709
7 0.9995736082528276
8 0.9723327146695538
9 0.9505295628627561
10 0.9432546393273844
11 0.9424779587809262
12 0.9125189848674746
13 0.9161414117453558
14 0.8637877634616645
15 0.8480267881736665
16 0.845287918031761
17 0.8603906152241895
18 0.8412245747077273
19 0.8447219444231078
20 0.7240907250609132
21 0.7589700896512799
22 0.6447733309891526
23 0.7322240291893629
24 0.45826516601701967
25 0.6442140708514242
26 0.5208219870247038
27 0.5167692642802175
28 0.5571986080742029
29 0.4822019501005352
30 0.5058913082439432
31 0.42140739055971543
32 0.43599174377899486
33 0.48513378630065185
34 0.4039482929589361
35 0.3882752315412691
36 0.5094875623602833
37 0.5091546361841608
38 0.4207413191469256
39 0.4333289140647737
40 0.393862271255392
41 0.38229119072239454
42 0.37485279156985235
43 0.3882256700311455
44 0.5337038243433948
45 0.3910643305286441
46 0.3782463659534474
47 0.4095012524672665
48 0.4036038119736509
49 0.387936692092808
50 0.3862957342237516
51 0.3681965863808203
52 0.3879252888044459
53 0.37573400785324673
54 0.3787644011885281
55 0.39685937603328963
56 0.38044752019176614
57 0.3917758341138191
58 0.28930940989727844
59 0.3141435444569381
60 0.381314896699203
61 0.3694945255342761
62 0.37022506466433824
63 0.31795477783546233
64 0.3805503300445466
65 0.36560345970589075
66 0.3593141497987594
67 0.3103205207992904
68 0.29326225366462416
69 0.35451171771077833
70 0.3229661798474416
71 0.37868840712546764
72 0.3070966084387532
73 0.3165219028300103
74 0.306710336915467
75 0.33140095592966
76 0.30475057946875267
77 0.36906984856290986
78 0.3678825262154008
79 0.32901948873195863
80 0.31226939884020566
81 0.31535295220255605
82 0.3070900920519957
83 0.3170413311064986
84 0.3092565098869979
85 0.31719440727239073
86 0.31501718567425924
87 0.3005571737166078
88 0.3316156317428188
89 0.31458548829034205
90 0.30903400110033047
91 0.28110118801346806
92 0.3072864135070289
93 0.31545593283354373
94 0.2834152360860859
95 0.31376801764966555
96 0.31113723942753346
97 0.31286703031327373
98 0.2889642776284905
99 0.297415068690604
100 0.26820320491013677
